100190313
100230080
100290064
100980072
120160697
160300047
180640175
200370886
200610612
250530381
300650077
330000499
380980066
410170096
450930056
500740067
550370450
580050028
600760040
600830118
660120045
700380388
700560086
700560169
700830061
740730800
750390414
760900031
800160055
810030644
840140064
880710611
890510022
900500013
900640092
960200722
100639577
107834029
108249047
108447269
203556445
206941020
300485178
301554821
303333520
307204232
500615463
500648175
502743041
507072915
600893798
600931773
609025025
609895263
707769960
803102969
804063051
804914514
808275089
900307606
900753738
901021147
902425259
906408225
148066278
213054972
385476358
589463362
729707827
751724064
755488901
955347233
100910036
100970044
101390183
101960670
102900029
200330080
200420020
200590048
200820284
209450297
305990076
307140064
308850070
400340087
400900140
403490019
500510134
504240056
508600321
600970509
603400979
604810522
700210017
700450659
707150037
800130087
800450806
800550645
807250922
807320034
900350064
900700071
900700188
901070231
908240919
100485734
101603291
150260049
178570056
201786868
252170458
281050014
300355346
300748989
309433426
400511800
402828760
450900022
461280017
581810703
508886754
600328498
600492910
622240379
658320807
608342882
697620023
609769972
700303714
700696425
700943579
739030284
794720040
800265310
872290071
917260964
927910675
165251934
439057125
718957765
739119731
933665922
